/* ratio.h -- generated:  1988-08-25  19:23:42 */

short ratio[100] = {		/* ratio table */

  0, 0, 0, 0, 0, 0, 0, 0, 0, 0,
  0, 0, -1200, -1902, -2400, -2786, -3102, -3369, -3600, -3804,
  0, 1200, 0, -702, -1200, -1586, -1902, -2169, -2400, -2604,
  0, 1902, 702, 0, -498, -884, -1200, -1467, -1698, -1902,
  0, 2400, 1200, 498, 0, -386, -702, -969, -1200, -1404,
  0, 2786, 1586, 884, 386, 0, -316, -583, -814, -1018,
  0, 3102, 1902, 1200, 702, 316, 0, -267, -498, -702,
  0, 3369, 2169, 1467, 969, 583, 267, 0, -231, -435,
  0, 3600, 2400, 1698, 1200, 814, 498, 231, 0, -204,
  0, 3804, 2604, 1902, 1404, 1018, 702, 435, 204, 0
};
